match,match_weight,repo_url,repo_full_name,repo_id
VU#249491,0.00001435,https://github.com/michaelglass/holey-moley,michaelglass/holey-moley,556068
