match,match_weight,repo_url,repo_full_name,repo_id
CVE-1999-0251,0.00001435,https://github.com/michaelglass/holey-moley,michaelglass/holey-moley,556068
CVE-1999-0251,0.00001186,https://github.com/scipag/vulscan,scipag/vulscan,84558222
CVE-1999-0251,0.00000665,https://github.com/NadimKawwa/Cyber_Threat_Identification,NadimKawwa/Cyber_Threat_Identification,318011542
CVE-1999-0251,0.00000629,https://github.com/scmanjarrez/CVEScannerV2DB,scmanjarrez/CVEScannerV2DB,394995609
