match,match_weight,repo_full_name,repo_html_url,repo_id
CVE-2021-24306,6.285157600326828e-06,scmanjarrez/CVEScannerV2DB,https://github.com/scmanjarrez/CVEScannerV2DB,394995609
CVE-2021-24306,6.292830578122345e-06,Vasileios-Mavroeidis/semantic-stix-vulnerability,https://github.com/Vasileios-Mavroeidis/semantic-stix-vulnerability,392265661
