match,match_weight,repo_url,repo_full_name,repo_id
CVE-2020-28949,0.50000000,https://github.com/0x240x23elu/CVE-2020-28948-and-CVE-2020-28949,0x240x23elu/CVE-2020-28948-and-CVE-2020-28949,316481683
CVE-2020-28949,0.50000000,https://github.com/nopdata/cve-2020-28948,nopdata/cve-2020-28948,370402145
CVE-2020-28949,0.00099502,https://github.com/ARPSyndicate/cvemon,ARPSyndicate/cvemon,357427484
CVE-2020-28949,0.00094251,https://github.com/qazbnm456/awesome-cve-poc,qazbnm456/awesome-cve-poc,80700387
CVE-2020-28949,0.00048520,https://github.com/takuzoo3868/go-msfdb,takuzoo3868/go-msfdb,241559906
CVE-2020-28949,0.00030414,https://github.com/ycdxsb/PocOrExp_in_Github,ycdxsb/PocOrExp_in_Github,357437766
CVE-2020-28949,0.00021739,https://github.com/rieF4/metasploit-framework,rieF4/metasploit-framework,340208573
CVE-2020-28949,0.00021725,https://github.com/The-Cracker-Technology/metasploit-framework,The-Cracker-Technology/metasploit-framework,344565409
CVE-2020-28949,0.00021725,https://github.com/isums/metasploit-alpine,isums/metasploit-alpine,342111623
CVE-2020-28949,0.00021716,https://github.com/drizzt-do-urden-da-drow/Metasploit,drizzt-do-urden-da-drow/Metasploit,344891375
CVE-2020-28949,0.00021701,https://github.com/kartikrajofficial0773h/metasploit-frameworks,kartikrajofficial0773h/metasploit-frameworks,346991787
CVE-2020-28949,0.00021584,https://github.com/Evgenyslavik9/Slavik_metasploiter,Evgenyslavik9/Slavik_metasploiter,361194832
CVE-2020-28949,0.00021524,https://github.com/loathsomeguy/metasploit-framework,loathsomeguy/metasploit-framework,372181196
CVE-2020-28949,0.00021501,https://github.com/HYPNOTIChippie/metasploit,HYPNOTIChippie/metasploit,374490402
CVE-2020-28949,0.00021501,https://github.com/dahedgepeth/metasploit,dahedgepeth/metasploit,373962637
CVE-2020-28949,0.00021487,https://github.com/talentsec/metasploit,talentsec/metasploit,370253962
CVE-2020-28949,0.00021432,https://github.com/kaanfroin/metasploit-framework,kaanfroin/metasploit-framework,385886011
CVE-2020-28949,0.00021349,https://github.com/ParrotSec/metasploit-framework,ParrotSec/metasploit-framework,71667487
CVE-2020-28949,0.00021345,https://github.com/ru-faraon/metasploit-framework,ru-faraon/metasploit-framework,372254030
CVE-2020-28949,0.00021340,https://github.com/rapid7/metasploit-framework,rapid7/metasploit-framework,2293158
CVE-2020-28949,0.00008672,https://github.com/sepehrdaddev/packetstorm-exploits,sepehrdaddev/packetstorm-exploits,271076842
CVE-2020-28949,0.00007216,https://github.com/vulsio/go-exploitdb,vulsio/go-exploitdb,151353348
CVE-2020-28949,0.00005376,https://github.com/cvebase/cvebase.com,cvebase/cvebase.com,300791308
CVE-2020-28949,0.00000629,https://github.com/Vasileios-Mavroeidis/semantic-stix-vulnerability,Vasileios-Mavroeidis/semantic-stix-vulnerability,392265661
CVE-2020-28949,0.00000629,https://github.com/scmanjarrez/CVEScannerV2DB,scmanjarrez/CVEScannerV2DB,394995609
