match,match_weight,repo_full_name,repo_html_url,repo_id
CVE-2010-1267,6.285157600326828e-06,scmanjarrez/CVEScannerV2DB,https://github.com/scmanjarrez/CVEScannerV2DB,394995609
CVE-2010-1267,6.292830578122345e-06,Vasileios-Mavroeidis/semantic-stix-vulnerability,https://github.com/Vasileios-Mavroeidis/semantic-stix-vulnerability,392265661
CVE-2010-1267,1.1859582542694497e-05,scipag/vulscan,https://github.com/scipag/vulscan,84558222
CVE-2010-1267,4.1823504809703055e-05,swapravo/cvesploit,https://github.com/swapravo/cvesploit,385868347
CVE-2010-1267,7.215007215007215e-05,vulsio/go-exploitdb,https://github.com/vulsio/go-exploitdb,151353348
