match,match_weight,repo_url,repo_full_name,repo_id
CVE-2007-0849,0.00004182,https://github.com/swapravo/cvesploit,swapravo/cvesploit,385868347
CVE-2007-0849,0.00001435,https://github.com/michaelglass/holey-moley,michaelglass/holey-moley,556068
CVE-2007-0849,0.00001186,https://github.com/scipag/vulscan,scipag/vulscan,84558222
CVE-2007-0849,0.00000665,https://github.com/NadimKawwa/Cyber_Threat_Identification,NadimKawwa/Cyber_Threat_Identification,318011542
CVE-2007-0849,0.00000629,https://github.com/Vasileios-Mavroeidis/semantic-stix-vulnerability,Vasileios-Mavroeidis/semantic-stix-vulnerability,392265661
CVE-2007-0849,0.00000629,https://github.com/scmanjarrez/CVEScannerV2DB,scmanjarrez/CVEScannerV2DB,394995609
