match,match_weight,repo_url,repo_full_name,repo_id
CVE-2012-5897,0.00018622,https://github.com/zcmurphy87/Exploit_Window_Markdown,zcmurphy87/Exploit_Window_Markdown,264694165
CVE-2012-5897,0.00018083,https://github.com/akabe1/windows_exploit_dowser,akabe1/windows_exploit_dowser,187895283
CVE-2012-5897,0.00008655,https://github.com/kuznetsov-a/cve-exploit,kuznetsov-a/cve-exploit,177462278
CVE-2012-5897,0.00007216,https://github.com/vulsio/go-exploitdb,vulsio/go-exploitdb,151353348
CVE-2012-5897,0.00005376,https://github.com/cvebase/cvebase.com,cvebase/cvebase.com,300791308
CVE-2012-5897,0.00004182,https://github.com/swapravo/cvesploit,swapravo/cvesploit,385868347
CVE-2012-5897,0.00003785,https://github.com/joocer/cve-exploit-predictor,joocer/cve-exploit-predictor,195553065
CVE-2012-5897,0.00001517,https://github.com/patrickmpalmer/exploit-prediction-calculator,patrickmpalmer/exploit-prediction-calculator,244423496
CVE-2012-5897,0.00001186,https://github.com/scipag/vulscan,scipag/vulscan,84558222
CVE-2012-5897,0.00000665,https://github.com/NadimKawwa/Cyber_Threat_Identification,NadimKawwa/Cyber_Threat_Identification,318011542
CVE-2012-5897,0.00000629,https://github.com/Vasileios-Mavroeidis/semantic-stix-vulnerability,Vasileios-Mavroeidis/semantic-stix-vulnerability,392265661
CVE-2012-5897,0.00000629,https://github.com/scmanjarrez/CVEScannerV2DB,scmanjarrez/CVEScannerV2DB,394995609
