match,match_weight,repo_url,repo_full_name,repo_id
CVE-2009-2528,0.00027601,https://github.com/7Ragnarok7/Windows-Exploit-Suggester-2,7Ragnarok7/Windows-Exploit-Suggester-2,327574487
CVE-2009-2528,0.00027034,https://github.com/IAmAnubhavSaini/wes.py3,IAmAnubhavSaini/wes.py3,416837367
CVE-2009-2528,0.00018083,https://github.com/akabe1/windows_exploit_dowser,akabe1/windows_exploit_dowser,187895283
CVE-2009-2528,0.00003785,https://github.com/joocer/cve-exploit-predictor,joocer/cve-exploit-predictor,195553065
CVE-2009-2528,0.00001435,https://github.com/michaelglass/holey-moley,michaelglass/holey-moley,556068
CVE-2009-2528,0.00001186,https://github.com/scipag/vulscan,scipag/vulscan,84558222
CVE-2009-2528,0.00000665,https://github.com/NadimKawwa/Cyber_Threat_Identification,NadimKawwa/Cyber_Threat_Identification,318011542
CVE-2009-2528,0.00000629,https://github.com/Vasileios-Mavroeidis/semantic-stix-vulnerability,Vasileios-Mavroeidis/semantic-stix-vulnerability,392265661
CVE-2009-2528,0.00000629,https://github.com/scmanjarrez/CVEScannerV2DB,scmanjarrez/CVEScannerV2DB,394995609
