match,match_weight,repo_full_name,repo_html_url,repo_id
CVE-1999-0197,1.1859582542694497e-05,scipag/vulscan,https://github.com/scipag/vulscan,84558222
CVE-1999-0197,0.25,0xffsec/handbook,https://github.com/0xffsec/handbook,258733607
