match,match_weight,repo_url,repo_full_name,repo_id
CVE-2020-4531,0.00010325,https://github.com/f0ns1/CVE-2020,f0ns1/CVE-2020,353048821
CVE-2020-4531,0.00000629,https://github.com/Vasileios-Mavroeidis/semantic-stix-vulnerability,Vasileios-Mavroeidis/semantic-stix-vulnerability,392265661
CVE-2020-4531,0.00000629,https://github.com/scmanjarrez/CVEScannerV2DB,scmanjarrez/CVEScannerV2DB,394995609
