match,match_weight,repo_url,repo_full_name,repo_id
CVE-2012-6200,0.00001186,https://github.com/scipag/vulscan,scipag/vulscan,84558222
CVE-2012-6200,0.00000665,https://github.com/NadimKawwa/Cyber_Threat_Identification,NadimKawwa/Cyber_Threat_Identification,318011542
