match,match_weight,repo_url,repo_full_name,repo_id
BID-9864,0.00001435,https://github.com/michaelglass/holey-moley,michaelglass/holey-moley,556068
